0.3 0.7 0.7 0.3 
0.30673445463986 0.713483037184726 0.70935471622451 0.319558152514922 
0.28386654286288 0.739968499740107 0.737886549538882 0.317316999962595 
0.253050744070469 0.716340352124376 0.75 0.348982760207745 
0.257470913582142 0.725823158646185 0.722344584757417 0.370505563534101 
0.310411214134204 0.717502501221941 0.710154571421909 0.35702170827268 
0.292621088204313 0.676087885444768 0.69287705051642 0.365414472651718 
0.293227018318926 0.637702520348713 0.670301417694693 0.345073557538687 
0.30431554575005 0.647089738468546 0.695500893451528 0.308916668230915 
0.286429034757438 0.670788398191893 0.691569104905894 0.318602697679573 
0.280351789226502 0.701301926532464 0.674404074892773 0.275301687826866 
0.305371598460277 0.729090381019371 0.662289372618587 0.25 
0.340564085736619 0.75 0.65741956059833 0.25 
0.346245713457017 0.742827373403443 0.674465946640509 0.25 
0.36530446776338 0.75 0.68749354421348 0.25 
0.384005088409071 0.730478627406049 0.698532233015563 0.278473567829831 
0.357828489592566 0.714333894653036 0.670669592057648 0.25 
0.371352169729729 0.731490463197415 0.69787910310233 0.29909337962019 
0.377824016543413 0.73731235761797 0.680479435271357 0.289808337328382 
0.34588253362173 0.747932177539061 0.677167464448639 0.302789167605119 
0.385369045324844 0.75 0.662448539679375 0.25 
0.39508782068386 0.742202722096786 0.678769457155486 0.264285270497063 
0.387260352170679 0.745422967552564 0.66918665478907 0.267401150399466 
0.443325218354044 0.735643301849261 0.665450910475749 0.262865468500043 
0.43545210017515 0.747302140910944 0.652387165111208 0.25 
0.451358130625536 0.719828898028795 0.680648924559874 0.27903579863902 
0.474532934726607 0.678452128873419 0.665539129379719 0.289077274730062 
0.516005378500524 0.663204924340577 0.652628581490885 0.314237123185298 
0.511877956668805 0.673011480997079 0.622530865572177 0.319692050314129 
0.457593944145382 0.668461038591832 0.631879330423182 0.360463549668449 
0.461022282708236 0.685074267525309 0.62648342807407 0.307185139653135 
0.497105058697947 0.665530458573315 0.646929293985503 0.301126884869654 
0.516597215745873 0.659435558106556 0.638003554664558 0.30869098068251 
0.508748563866596 0.663506857977961 0.660089513729735 0.281260741852802 
0.523593665688966 0.638990226260793 0.671723454070368 0.271842879533903 
0.524876256304534 0.667885725009011 0.641991905617035 0.25 
0.508505785294617 0.643395921051858 0.635477417218533 0.265275973652233 
0.510524553423732 0.639451401149173 0.6133097187262 0.25 
0.489563770131975 0.641056448153447 0.634465642089929 0.25 
0.452466596086752 0.669556827460502 0.70454518794223 0.25 
0.428401117066146 0.624770797743569 0.698202416891166 0.25 
0.409924958580207 0.650811058058859 0.726331836771292 0.273497093240698 
0.420686250350681 0.667531439229712 0.699488341574631 0.303916481829474 
0.422539925189958 0.669642684327863 0.724007685271364 0.306080861442511 
0.394648103930763 0.67212971023447 0.711369673099546 0.28949664926517 
0.419839283979369 0.642592087375545 0.698966042738676 0.286413482644808 
0.393122704375066 0.66172782611394 0.678044140938593 0.275859345961806 
0.400162363924666 0.672529495462539 0.652133875968741 0.262023008385774 
0.400286784428024 0.614541408060632 0.644558018853716 0.260613365421942 
0.423230595369891 0.608253539066259 0.609164027760584 0.279743015358281 
0.462005368466029 0.612449863673596 0.59225207534908 0.275893805751806 
0.450384675393895 0.629814907969291 0.568404543255435 0.275708477601548 
0.407336279711189 0.621916892312763 0.580646393707345 0.294647763558323 
0.457240435987733 0.629234671195653 0.587623201357442 0.317014178857546 
0.431530779750509 0.625015248034371 0.557568322146273 0.294285248011288 
0.408808023925025 0.641507409072211 0.529178551321589 0.272828141419702 
0.441329031804896 0.650392390224548 0.519158114162815 0.28874160231123 
0.445381052256144 0.665864828352538 0.504851452045562 0.25 
0.446858451460035 0.651410269573835 0.491580459605448 0.25 
0.454512140984072 0.679139683466597 0.518158225976844 0.25 
0.488225811795646 0.676651096221694 0.557044224796908 0.25 
