0.3 0.7 0.7 0.3 
0.292217483070183 0.717505847678229 0.692611410013171 0.336441706009607 
0.301845179664451 0.695230237106328 0.725796562161077 0.328487789788938 
0.298390100824199 0.656448773713459 0.695899372011386 0.350121178655351 
0.291373945028628 0.685915386144456 0.709223083062964 0.360354505615882 
0.348511395818607 0.658668232536672 0.668616202799319 0.331610786463577 
0.394053228685489 0.629811727783186 0.70844911400325 0.306931189419974 
0.38980552911938 0.616471364527789 0.720367213511361 0.33438168573545 
0.351992511841481 0.642465945099214 0.740130719491813 0.346164162017158 
0.348126256125083 0.630550255009443 0.734502009343206 0.336909737311709 
0.362777702088693 0.64646312704866 0.691962139031551 0.347354410912159 
0.369517597859959 0.620605397081176 0.678937124713541 0.338191496116503 
0.368802677624058 0.602597505212635 0.67408627857319 0.408773039926291 
0.378869827147739 0.588889591927209 0.643537883842301 0.417095351616202 
0.369495196152438 0.570189760381071 0.701314464143944 0.426306299254524 
0.370074951502054 0.517798139492764 0.667188616566541 0.444281494319156 
0.35348432228541 0.54006381623096 0.620677331006286 0.435548483625472 
0.367871298512598 0.556940122819221 0.649156690301751 0.459727593127603 
0.340319719502334 0.546567847212731 0.677972030571995 0.477078685612127 
0.313083101110786 0.532795844649432 0.678417079771758 0.472492257609358 
0.325953449391046 0.527276995525116 0.658417164883355 0.51235880208119 
0.356008732559581 0.509147319862434 0.659917989663013 0.485664288392703 
0.348600735533907 0.518989095303214 0.641734946646565 0.523315154080926 
0.359318078970518 0.517952977872721 0.635070794911194 0.525357098857016 
0.346883175284292 0.508305574663846 0.666787266121015 0.516126431136524 
