0.3 0.7 0.7 0.3 
0.306940366241492 0.670675115271539 0.726575478091333 0.298355250275917 
0.276423435113943 0.692000967764597 0.75 0.316083024317102 
0.276822115388229 0.659204810079987 0.75 0.365170587317088 
0.25 0.632711957089674 0.75 0.411528183389224 
0.25 0.581325929995078 0.75 0.444212448431536 
0.25 0.573433033521222 0.712842340510792 0.420769740046996 
0.288489761414363 0.52122813736577 0.743643682110713 0.454287562466009 
0.302544344034931 0.482249562486875 0.746553493142077 0.433636346372891 
0.287288485943667 0.491962297799007 0.75 0.409200780131404 
0.288748709969394 0.521046659953493 0.743344730956749 0.43564244431253 
0.291285966989442 0.541610400920606 0.75 0.471963772009259 
0.342637721255671 0.536005414635245 0.743287802434709 0.447552177271474 
0.328430301784169 0.562425341180523 0.725412343212329 0.442045894706482 
0.326448273897965 0.532043049441712 0.740439305608215 0.401979007724421 
0.349199242370662 0.485674445225015 0.746161821179035 0.429179142021499 
0.369029763729474 0.505148360464168 0.699743398287646 0.420272176391817 
0.351536398170482 0.530355600315185 0.693480530727071 0.447283581357188 
0.351908498208047 0.508920822116571 0.655160043202875 0.493217437925559 
0.285737739510063 0.523916557804649 0.658545684557074 0.500444495145376 
0.296731976729713 0.516079969704989 0.617979324190633 0.530064281574004 
0.297978454748546 0.496339747215568 0.647226226599438 0.510592884032055 
0.328446320568238 0.507711320121614 0.625666396611385 0.480346697015272 
0.330985671930462 0.488454336216222 0.613212907211982 0.446326539664948 
0.346957371058708 0.537667904838334 0.599482267264385 0.392460853140553 
0.3 0.7 0.7 0.3 
0.294240819080212 0.676013465819918 0.702968934853613 0.311544591048879 
0.303028847414791 0.700598593985316 0.694441828170487 0.328558048562708 
0.28678333211223 0.699907500504144 0.685266221030745 0.329419617414728 
0.296439755896874 0.708785380180376 0.696590955984204 0.378211353332805 
0.35924046692552 0.735884405629944 0.678773669853448 0.408928865741615 
0.325477530129931 0.748810665479638 0.668172525009795 0.409025539876512 
0.301064226434928 0.75 0.652568180791093 0.40234319195489 
0.327855532434753 0.75 0.697280531914558 0.412453377050534 
0.254581127719787 0.710186823591661 0.66704256349061 0.395121059612382 
0.260518951501502 0.69782006405196 0.674013056737168 0.3847064041073 
0.283436751622297 0.694237086809586 0.694527663957269 0.349559975591956 
0.30567072137718 0.728468620607823 0.715250012949517 0.348805167850358 
0.288203182710865 0.715282962024459 0.75 0.353681119171355 
0.284778406014778 0.695558615813107 0.705581912383231 0.325491392247776 
0.303184528572972 0.733394685454749 0.722842372704574 0.36676338543621 
0.323907424647229 0.740324639125605 0.737901211204661 0.356208852038334 
0.309374194270576 0.717593786105537 0.75 0.332682425097189 
0.320245564203022 0.731835077174757 0.722359565750879 0.353461297693301 
0.318000330010784 0.709436525273643 0.736073058879959 0.361801360460754 
0.304411841218165 0.701338374792101 0.639483539183953 0.343115185042269 
0.303207766730516 0.694107964151873 0.666993805751663 0.358872755230269 
0.326016649590897 0.70580874139838 0.70026019299375 0.373565189500944 
0.332864713406511 0.698733508110306 0.693549112386429 0.383454750640668 
0.344396807466005 0.697788288371778 0.692456684411596 0.407022672111394 
0.362872861730317 0.667170000677632 0.725479229059521 0.379551371316305 
0.372046116561941 0.674103618647543 0.75 0.379326988377488 
0.396098505008755 0.637042688108652 0.75 0.356646478011282 
0.391843202563904 0.682492261943133 0.732426462364457 0.291093506502901 
0.394028495292318 0.712913079897692 0.709883440973198 0.284806007989717 
0.415873420742237 0.697864052766669 0.691731771945794 0.328101935175507 
0.394717820660772 0.747486562694723 0.721642546885559 0.329710684629754 
0.404975162848482 0.742709161213088 0.716942257104554 0.328248778610631 
0.409914778832574 0.712137707077011 0.718846745126212 0.347150476308643 
0.403715089899223 0.724310524473782 0.75 0.392453054932542 
0.386490249061037 0.733560216906198 0.75 0.392716116604645 
0.357555647036435 0.692004366342806 0.75 0.376892635983881 
0.394018989853195 0.669707473717659 0.724641050565611 0.364925003725508 
0.391890533731941 0.667357272292315 0.704155962518375 0.383524823792379 
0.369742965051071 0.656986276515753 0.697620087827367 0.371178972262766 
0.431262693350552 0.644056012458956 0.691519659155346 0.376971772300141 
0.434863917564667 0.636976176416383 0.689386812790102 0.4055797605413 
0.403742257129585 0.652192469530161 0.674966620744278 0.427820323190891 
0.409697925878692 0.659491174046475 0.661809673604872 0.42826256775161 
0.402496416448169 0.625278877329127 0.659854472381369 0.406687931556025 
0.408126511791735 0.623052368162892 0.675150778915075 0.392731476803859 
0.449678439975775 0.599364382397689 0.711137257685687 0.439472856537166 
0.43894498541916 0.563290553819676 0.707239006662204 0.389254066659349 
0.453206468375064 0.596000406157594 0.722368110649375 0.416119139461786 
0.480723036973241 0.601762777343186 0.734501077824186 0.438531288220105 
0.524216344156223 0.610150145021115 0.734863376581089 0.426133131263855 
0.47763438104623 0.626691010470812 0.75 0.416260386678489 
0.478823697561402 0.640590168536871 0.732004548259248 0.42459469249566 
0.463502199172151 0.609657781619455 0.75 0.399073467464246 
0.490284681817131 0.649984614061878 0.71329691967296 0.363395785662105 
0.485085260677082 0.651425467304642 0.71976176073246 0.349413115917869 
0.480881863388701 0.654675588837285 0.678285832736906 0.317366376298371 
0.490962101738283 0.647036671269125 0.708438962249182 0.312482383585411 
0.465975730973638 0.691394524476556 0.693767354110329 0.305917897038425 
0.426826954919157 0.682210114139202 0.699787137894751 0.315388393492148 
0.420808050628714 0.65867548411537 0.711027489699148 0.323935315774796 
0.455043083055942 0.690545606377718 0.726988718525879 0.31723599945317 
0.407800311168052 0.736034829297975 0.719810152708745 0.298244443828225 
0.426807026664186 0.75 0.733681548817118 0.324087576677053 
0.409526872050546 0.736349374178535 0.75 0.302632728647036 
0.439298463377906 0.716655086634528 0.75 0.292077808240899 
0.409734358013108 0.75 0.75 0.316415126187283 
0.356357673256921 0.75 0.75 0.291395014254816 
0.365408851758619 0.75 0.733849259670066 0.257727026871312 
0.393383293091067 0.706912268456574 0.741102586145159 0.25 
0.363895163999561 0.694239933961567 0.75 0.25 
0.378164131754869 0.694695200564317 0.739913652765709 0.25 
0.354263128479058 0.697513345068575 0.75 0.274896258563358 
0.387433875882906 0.721674093723907 0.75 0.259059191482404 
0.362990648530613 0.718596212579086 0.73288568898437 0.265200770320437 
0.369436471972294 0.721213681630431 0.705463634314987 0.25 
0.366905542558537 0.741966947129311 0.705368867691439 0.25 
0.421016820879848 0.75 0.698709558465678 0.25 
0.404326740289935 0.75 0.704911317497603 0.25 
0.416670260476825 0.75 0.656360835306327 0.25 
0.385757258893632 0.73754105176288 0.651719095644837 0.257358161080533 
0.308261005444524 0.720642297740605 0.661812074697666 0.264300784927966 
0.25 0.70699374340765 0.669191382751826 0.266841144900988 
0.252336738369203 0.682729874656225 0.665132139328847 0.287351642949408 
0.2549448037915 0.676416246157458 0.652178025871941 0.284174061332927 
0.25 0.667362262114674 0.635613819716146 0.257871703827553 
0.25 0.649400067364964 0.59901238309435 0.256323035599028 
0.25 0.659996323126834 0.645536621502113 0.277554122654852 
0.25 0.665581522310419 0.652335923524444 0.26818262760128 
0.25 0.662617393045633 0.676020621070523 0.25 
0.252303080975272 0.634103029591453 0.681718459005094 0.301238323304522 
0.261567496328606 0.6325650935118 0.644791208934792 0.274060236033172 
0.262261932268701 0.669733601744256 0.642627905696166 0.28062829781401 
0.271946216646746 0.636295152605022 0.649031634544258 0.273527684249816 
0.267960134117659 0.640509992608492 0.621305470725848 0.25 
0.295840247800055 0.661136902528861 0.604564770784331 0.25 
0.305195349058996 0.60568405549977 0.614754958664086 0.25 
0.309496009003185 0.628008329080586 0.551656679222988 0.25 
0.310897590347949 0.61053362208366 0.541745970598746 0.25 
0.276387410757579 0.619103224864858 0.521329385993991 0.27476394419727 
0.268204146391519 0.60864360556974 0.512829868234562 0.311166638944696 
0.28824882761436 0.550424748033661 0.490890386013274 0.368166170719323 
0.313339326744691 0.508120301750644 0.491557918502761 0.386338926410549 
0.339020445587302 0.515778179608138 0.517351023696775 0.41511313569082 
0.330371810284829 0.480513059582828 0.494429293995265 0.388983259001313 
0.327784349444847 0.459168939284394 0.513302301533787 0.396566150162786 
0.339728399251276 0.475140933635867 0.50247536044494 0.352050500388736 
0.358704257258609 0.506546103967093 0.481496044990114 0.319005465971747 
0.354805288176201 0.530654499240146 0.487572829752162 0.321927919246682 
0.346055533359047 0.549796428914317 0.450214774401361 0.291248158639617 
0.397790902470716 0.562585728177725 0.455723605230329 0.266717746894886 
0.403051826024528 0.592204535758743 0.446154624452341 0.25 
0.353538674675695 0.578428929398449 0.393230144962043 0.25 
0.353867994413989 0.583590267018922 0.385351513819661 0.257579548822257 
0.37856548419359 0.568948555628999 0.387314073179994 0.254267864990487 
0.404311375255675 0.574930470299593 0.409582768871283 0.25 
0.408765821782325 0.558673016750081 0.410551676606408 0.284133351049144 
0.414910569750446 0.579554377667289 0.432051928412634 0.311233907189759 
0.413741534893368 0.56709641632824 0.414718883815019 0.274567709505858 
0.414863242210202 0.553195660677495 0.399623056125813 0.25 
0.432447600407108 0.552864962447037 0.457547812171745 0.263532448630724 
0.422080495168465 0.562981933062465 0.440383584263364 0.281211154894356 
0.444728647155542 0.611951905526261 0.470935398567567 0.26879667121469 
0.453478644188669 0.640099973863177 0.469822048294985 0.295911519841711 
0.45154762858419 0.634621024817106 0.439356263246962 0.28817190118385 
0.416872389903262 0.606503292715495 0.399422262869926 0.26601530317709 
0.398667422329581 0.609868803516697 0.396308594586731 0.25 
0.453804444679087 0.603364726663165 0.376051952268561 0.25 
0.419656357535918 0.625224250399567 0.363416397125412 0.254820027113834 
0.424887186071357 0.618067186145414 0.339224947771766 0.253804329408618 
0.390497067455254 0.59173227716768 0.327783482022988 0.25 
0.418355691046701 0.610106641677332 0.336188705606377 0.25 
0.467686574761016 0.597940650965896 0.375048178236141 0.25 
0.481019731627203 0.547084881117643 0.376980948532025 0.269498149052497 
0.504732235068504 0.551230291765927 0.388049923010709 0.25 
0.544808775532986 0.565088522468417 0.41500528467605 0.25 
0.551980018505542 0.561610475725425 0.42052205923468 0.254483066270484 
0.492476214063574 0.57945574006947 0.446444590756752 0.25 
0.505799731428989 0.591645854497344 0.467103845864846 0.25 
0.49472085696807 0.608891495166025 0.474798423685598 0.25 
0.470409471391017 0.550375212797028 0.466212636614057 0.26909877659983 
0.457968041944301 0.562644237787996 0.453461360678997 0.283675652837838 
0.475553473568237 0.548744825207381 0.471724630784506 0.256918139681784 
0.454135086134922 0.557856685061352 0.496958607269922 0.25 
0.464950782332477 0.558032268489102 0.485482117123258 0.25 
0.464168367000845 0.544405881420095 0.459946053803915 0.255114171854489 
0.508218806723327 0.564035724478006 0.469097358491669 0.258778607806849 
0.536154230313859 0.518766376640497 0.465363322847964 0.292986382539478 
0.556988590245754 0.523721794691147 0.484892850689279 0.272156887066872 
0.572478131747248 0.50382317847618 0.4597359118799 0.275902382769145 
0.570540950797675 0.509186331359371 0.426164478272587 0.316007815622551 
0.562810661901384 0.499280782736688 0.442400322905024 0.336074618826604 
0.584677915861405 0.485628817189847 0.414188088073988 0.363134081698258 
0.548485411147562 0.452216176776177 0.392760782920958 0.328579491991821 
0.509471244792614 0.439319581701661 0.40175300078168 0.303912688187245 
0.526208563913754 0.434301494596702 0.395781515317091 0.337660110816039 
0.56678180274246 0.448494486000799 0.377834760936382 0.327825776136977 
0.576121892245187 0.491366220851213 0.437372470339632 0.30433926701837 
0.60521124958326 0.514780356021817 0.416828971533537 0.306176295524268 
0.598064243215457 0.490897298117706 0.436095369922739 0.308996073115201 
0.602278555508194 0.512740512467678 0.470213336716572 0.344126808130004 
0.598672956557488 0.515546358204452 0.481640866242688 0.312286769651418 
0.614287262387515 0.515547240567088 0.501438404756962 0.326896034313464 
0.633078600668121 0.469591418902501 0.454607658260865 0.323769745962429 
0.669177754904662 0.52565564274982 0.456694613629225 0.343744881239686 
0.701876013373951 0.468588968547042 0.438342189280628 0.343928222251651 
0.69908606463382 0.443811314777362 0.449782090743292 0.327393165220506 
0.706483991940038 0.443969546768912 0.445928343813839 0.322524578209026 
0.748755285088683 0.447658128730347 0.455465755760269 0.341244316839265 
0.723476627787932 0.493298259796591 0.465783245060875 0.382251959500624 
0.697038417976802 0.513048560493131 0.506324482608857 0.400558115141255 
0.676722654264144 0.510941963048473 0.496145438944193 0.386119825053374 
0.687022429573103 0.534439934286754 0.474290756086885 0.445419825995685 
0.709932588680074 0.559597267318002 0.45135719968708 0.394382515998997 
0.746761939630572 0.567259049393985 0.479542142351344 0.403771176513756 
0.732005970800081 0.582034594156954 0.47950608874797 0.3962718085168 
0.704464524278836 0.616901580961789 0.484964735691376 0.390966188280836 
0.700910957437624 0.620660323748826 0.516676146343839 0.462282046441621 
0.667543195063611 0.649018726560298 0.524807004946319 0.463863574972666 
0.678084194472485 0.689373393294029 0.502489506272796 0.484224565272559 
0.723598557857352 0.693345602916704 0.510739450740742 0.49707086900278 
0.75 0.717352151850733 0.527578575479756 0.507586556297057 
0.75 0.706995974162876 0.510185203982633 0.49022754304031 
0.75 0.706179151876726 0.498838642617378 0.46428981537059 
0.75 0.732193542902698 0.499412032674696 0.460417513905985 
0.75 0.75 0.471847840964073 0.472174438670287 
0.75 0.75 0.495453610796273 0.47844154578185 
0.75 0.75 0.535863381338097 0.486026102192169 
0.720706615254194 0.75 0.524859060747827 0.521920885312115 
0.708251743162463 0.75 0.540695946036757 0.555785636274488 
0.713123830593373 0.75 0.561566883138563 0.554181345647279 
0.7139900914569 0.722342833806044 0.565168862890462 0.522062197410676 
0.70972544858405 0.67246408008627 0.552056189565409 0.50153825771057 
0.73108941198673 0.681356179621661 0.593552939129594 0.473590847906181 
0.722340825261207 0.708420206396123 0.594518817266741 0.480375004384651 
0.740124357232257 0.639851277247896 0.62309055939133 0.435926988977534 
0.735119558239864 0.706945421655172 0.58468113378169 0.431620686751729 
0.75 0.692377988615343 0.572654075724867 0.42315774651779 
0.701403630258105 0.75 0.619249719194122 0.451771312648853 
0.71783417976605 0.742781900755843 0.599869733560252 0.458871779982049 
0.717850218894119 0.734729620886446 0.587802127230538 0.472177817119652 
0.3 0.7 0.7 0.3 
0.32152758739642 0.732279144741313 0.709541835576437 0.272740673679632 
0.323284341124939 0.730116807945759 0.696900036165774 0.279980023501877 
0.304205240958418 0.720964269256381 0.730214663583446 0.299386905651376 
0.283955052001355 0.68045370582338 0.712499850815872 0.321506091126552 
0.344547388541017 0.690686744258692 0.715675354625066 0.357915174489826 
0.318291604795352 0.67038635172486 0.722472793478406 0.329674586399082 
0.274351538706048 0.660390611715438 0.734630962077529 0.313668137990217 
0.294441363428909 0.658432772596244 0.691715068343177 0.301185255570963 
0.31768090661995 0.646226727947004 0.675117496889724 0.327723800918275 
0.307998941056434 0.63865731975849 0.711600446489086 0.295800788584784 
0.292101818115739 0.675776823124697 0.705713751428676 0.276110477899838 
0.256388671561625 0.689447383331102 0.70497456089373 0.257586913768546 
0.25 0.690199779353091 0.705342461354785 0.274109827411652 
0.25 0.697668652687914 0.73747769415377 0.258991702331368 
0.25 0.703195521712662 0.75 0.26938849479355 
0.253811174432137 0.723619548964801 0.75 0.25 
0.28897476758225 0.695957955446508 0.74598205289233 0.277160921694642 
0.260784421167318 0.713918003187084 0.706088676582694 0.272622459653294 
0.252468813595982 0.734337747055979 0.69882241030458 0.286065455483808 
0.263939095162216 0.713092702227839 0.645690802041663 0.308944982216642 
0.273228989156825 0.70764422894171 0.62917616644627 0.349609183408156 
0.255643761749306 0.695593294107289 0.659923451549058 0.354733689705872 
0.266336886134858 0.702380264782004 0.654349658563812 0.405792249391682 
0.25 0.703852810894993 0.656272531044129 0.390416719481184 
0.3 0.7 0.7 0.3 
0.298394216129996 0.69409022467924 0.680583314337822 0.311131400502878 
0.319432927070016 0.701110686997274 0.693363957123713 0.283055131669832 
0.308713472233226 0.75 0.736410603015227 0.25 
0.339402079611052 0.74094809716082 0.75 0.25 
0.357947646488266 0.75 0.738451324617259 0.256306627432616 
0.330530665372957 0.75 0.735913023851674 0.259695554929347 
0.355019357923346 0.75 0.709768907418042 0.250211713193935 
0.296803789742716 0.75 0.716520339641248 0.25 
0.337015996793491 0.710502633675315 0.683495695220662 0.25 
0.324038925007861 0.683575542360424 0.676556594395913 0.254413443819611 
0.302440035428602 0.674286361251824 0.705287832139345 0.25 
0.264290458607095 0.636826297798628 0.739268139969597 0.280516314511942 
0.264929745976024 0.58894439185735 0.717605495644012 0.255143156403257 
0.277701631812241 0.565313104338173 0.720443149966506 0.264465728056579 
0.336748645963581 0.538018713705124 0.735258439739462 0.270284985805481 
0.319685315411955 0.509024075322415 0.723967739711183 0.250462522171606 
0.30682474892291 0.473043382937716 0.717839535360343 0.25 
0.261863977671588 0.488337982145738 0.715310019347917 0.25 
0.293733711169179 0.472106899290563 0.733797232177151 0.25 
0.28406574611267 0.454448337445791 0.695473675386329 0.266535541385543 
0.317510695199124 0.484516678131677 0.709222291059715 0.296483013865701 
0.345299081163544 0.471700003138321 0.67618040667763 0.269675812873603 
0.333864228825676 0.469334648577454 0.646800467877826 0.256888034662099 
0.358691457778543 0.415079668049932 0.625701159704955 0.25 
0.312883125664088 0.418418218674056 0.594480192918953 0.25 
0.259372417080957 0.470486449310942 0.590429034068036 0.25 
0.280158420204475 0.490206506104791 0.580180010457663 0.265555770546455 
0.298067485092714 0.515320527871748 0.615857146743646 0.25 
0.288106231972828 0.533039338732998 0.617852129558941 0.25 
0.300932084926775 0.498731516561658 0.6257938704617 0.259266688752486 
0.313142668892079 0.528455443291066 0.622522903168659 0.25 
0.319401188696881 0.548023128506549 0.648147925142613 0.27066035897485 
0.307853225137592 0.570787524915453 0.6570694069016 0.257085994924379 
0.312497831751939 0.594691854884729 0.66368428499158 0.25 
0.287668023984929 0.589234830718827 0.701750907483296 0.25 
0.312370383917084 0.550643470671006 0.653411911559078 0.25 
0.319073302281596 0.513349659081971 0.613483890886807 0.276089210302065 
0.334538452954605 0.48941638737833 0.630811475988186 0.265882451342819 
0.370395905575379 0.506407711306099 0.619026802793932 0.272269408793286 
0.35296185549558 0.460655843856979 0.627581525861254 0.272808489000344 
0.384478351999029 0.480518388973719 0.603606829087903 0.28734868282127 
0.371714068338523 0.464366839549266 0.612877705797855 0.2521388366659 
0.428803661949826 0.434894658959535 0.599656786162534 0.253168195889321 
0.451336290750089 0.434124420131576 0.588224786937065 0.25 
0.457729514967231 0.417720439641606 0.642120939071678 0.257485915474871 
0.447150477516245 0.431281568370632 0.663434244477864 0.25 
0.454949089109742 0.414422961424882 0.655169682574245 0.254711394643031 
0.454314936292525 0.432888102505001 0.631349972370104 0.26035811071753 
0.433277597053196 0.459173465231333 0.650807483674309 0.27467000929733 
0.502421939971638 0.526495356963199 0.67922237325642 0.301349328798293 
0.525193002454516 0.541879542943948 0.698103313383084 0.300985397546483 
0.540918710403429 0.513390707234668 0.699557960441472 0.28882508770383 
0.563643453279652 0.517144698925533 0.675168218384929 0.294367217873427 
0.567472236768604 0.505213981137755 0.654111147825576 0.269758400729631 
0.568656892118327 0.492931459917572 0.645019416633079 0.280005080122036 
0.614428857788867 0.479100196097371 0.670420380242589 0.284023668485412 
0.617200344214357 0.450065847288581 0.698281979455142 0.27379816168773 
0.609442610418996 0.425415894578735 0.742977234901804 0.269602959644773 
0.625414553374347 0.398079583404243 0.710521214113519 0.25 
0.633388841842553 0.433275939769314 0.702603136015401 0.25 
0.649617855130866 0.467662779698132 0.682325211094429 0.264610101039201 
0.654096471858693 0.428547502652948 0.664797710786645 0.25 
0.612574787090816 0.441324927511732 0.650827194749356 0.261434898398378 
0.633098929062932 0.415261795884585 0.637388112234245 0.265375238026271 
0.649921889975994 0.402511403952343 0.643956825817581 0.269196162747302 
0.637913892835227 0.456925927060208 0.658424410444941 0.25 
0.662241364752531 0.49655224756221 0.661827500872593 0.272823125937426 
0.661879385197096 0.468938197510416 0.672999497145485 0.288241013822917 
0.638639993543149 0.461654262431666 0.664391352361994 0.267883202787176 
0.66180970744179 0.506782882468523 0.675423169461028 0.303931080130771 
0.633000834795387 0.496403894036785 0.713882505016717 0.256871183484526 
0.601855842991563 0.547913548318493 0.708463565102743 0.251092134649486 
0.57925522595192 0.501896041125247 0.70102526579577 0.25 
0.555559380957048 0.524822380934486 0.71229851582117 0.294481211308411 
0.527226382808211 0.536672957022494 0.720884824551303 0.30262759340165 
0.499853480394673 0.512281867171975 0.74021629092 0.342387074065595 
0.527762215825912 0.512605661385573 0.75 0.348376829994536 
0.553708724450845 0.483028358512778 0.737076794754409 0.343666275784895 
0.596493844013437 0.46544295601198 0.75 0.306052137319606 
0.650978550141961 0.446355142016454 0.75 0.356726340077276 
0.689924586313775 0.449466937159318 0.723174942978142 0.350519118601184 
0.695450204900809 0.443543098954748 0.686680344959611 0.332694627490151 
0.718545104555793 0.501436975635077 0.653629711322231 0.309391699894123 
0.75 0.532005927635728 0.680358261267339 0.319968874251449 
0.719813159068343 0.569830557288617 0.688604657985442 0.302078824018612 
0.720848206024441 0.54138194871704 0.652300527306741 0.318886577719696 
0.713167333227872 0.539109242642787 0.651398350012329 0.360484772090908 
0.678053500090335 0.552137051146639 0.671816637184085 0.325181075781405 
0.633943313589122 0.593205026626615 0.719487972415215 0.347394529340694 
0.64114883646885 0.550066368313821 0.739650650788135 0.374132231334126 
0.627134026925851 0.527607376620288 0.75 0.387337667961323 
0.619100287315473 0.491218818195475 0.75 0.396350537016427 
0.587230932307616 0.513330298245501 0.73671859587274 0.365093009553654 
0.592067084329974 0.491498725241287 0.737593655419875 0.352820584207697 
0.610824454391534 0.501785910680284 0.75 0.376183613077431 
0.558977072350336 0.511975296613338 0.75 0.363878054424204 
0.592246434532406 0.505373126139054 0.75 0.377035479199058 
0.613997669873961 0.543348029570543 0.75 0.390480103048043 
0.626207221782395 0.555864898488173 0.75 0.394814994576216 
0.606640731011379 0.557070381339858 0.74785393092459 0.365350404653165 
0.553865614562315 0.558373018758474 0.75 0.387198393339899 
0.623025510332913 0.54163135953651 0.75 0.391195932039263 
0.614978050505567 0.568660165428837 0.75 0.387939818824265 
0.561132801653073 0.542223646026207 0.741864820646016 0.341781365889693 
0.551974789197866 0.540828406280932 0.75 0.366208501768893 
0.520479332153638 0.51815611580525 0.727847050362633 0.370444177935075 
0.503493671348039 0.50701368315117 0.726414106765018 0.372617657012492 
0.504023076312098 0.509892604336567 0.695451946291537 0.339389772560506 
0.5127447938257 0.463688348097584 0.697576603428808 0.356179845413066 
0.502692483307815 0.486578131183937 0.722636318729383 0.375107384852746 
0.495645976090133 0.517249121198385 0.712641049275581 0.373334457701775 
0.471053321057647 0.490498294920595 0.646912563897463 0.403087268001861 
0.508289456651178 0.506645213933858 0.658584408119397 0.439582897409854 
0.477830685166567 0.505169578409036 0.670048735046858 0.489362526166118 
0.516822167818376 0.501183123600938 0.680124892116484 0.499187612565886 
0.555553748408883 0.472827079254049 0.710047554309313 0.540830262033055 
0.576668609677747 0.497865557374126 0.70616757028358 0.533405537519828 
0.570697452659149 0.497015597433943 0.687237004983636 0.502084576670709 
0.602265449130217 0.474288975490098 0.69256468687925 0.531650562438521 
0.612973004932366 0.507980577013409 0.679783261087071 0.517054678666302 
0.620873223712554 0.507506429954518 0.706439967693187 0.488574820353915 
0.590394341451469 0.505009429246798 0.655315371753033 0.511872760045396 
0.600001054440749 0.523556451055495 0.633668343364661 0.5015082533621 
0.620780679802944 0.553454781574157 0.628140426695221 0.536774260799929 
0.635708548172576 0.540146309405059 0.631956090394441 0.515765728749885 
0.653476885277181 0.5173595844327 0.613196019976362 0.492198051736217 
0.656428300401859 0.577552657392817 0.632010042272888 0.459765864448868 
0.66015271838669 0.599267503447574 0.627956485878243 0.455394325225831 
0.672288644680452 0.604431534371737 0.646145441719993 0.421765109272372 
0.67668876940842 0.603327497017122 0.675642097941131 0.392929106315809 
0.640022894270058 0.603945901908256 0.684917809334136 0.425999628774168 
0.615593458169292 0.587310783333129 0.649110503937713 0.430542711561588 
0.654094170861268 0.606397480381338 0.638263281593009 0.410220418222575 
0.658495432156536 0.621797738413911 0.633456569136113 0.386044315830034 
0.653594473275943 0.667699490324744 0.633500279193082 0.398375787201373 
0.674523409885001 0.673143574976188 0.623592540692751 0.45533131851895 
0.659043797218405 0.70268275419842 0.638218586009394 0.438168207750738 
0.672792219702616 0.696324424122565 0.637530682919108 0.462990486868763 
0.7255092300215 0.651467079824667 0.641965628358897 0.492124765685879 
0.699946170544822 0.645646265297025 0.618115862552651 0.495987537715915 
0.71963170096689 0.650442424495781 0.638908098777413 0.499131554457951 
0.711548738698069 0.625677540045738 0.66404965319298 0.502809934563628 
0.694643867416789 0.618106725427372 0.660793589915745 0.51848167413884 
0.672612979033952 0.626604073732954 0.615333854478647 0.505269861372047 
0.667988658867623 0.592492415697997 0.636033317558476 0.48652684657898 
0.684491667279405 0.576699116191805 0.655411484361987 0.482979554563325 
0.695960606295156 0.543378864974915 0.680506599647839 0.511513735217159 
0.663598220204357 0.558310110497812 0.649910130691978 0.547718305608469 
0.675286645771174 0.525719744856675 0.619197238937698 0.537691784144024 
0.673107247767052 0.494597732966177 0.590202541857757 0.539340767266389 
0.646671269581464 0.47426319800173 0.591586570948655 0.498901690390367 
0.696474110336514 0.466939880826047 0.598687006263191 0.464805711128075 
0.703889521965747 0.523635565363299 0.557511492922828 0.452021611229454 
0.707124769909971 0.514267257280787 0.612744103351604 0.414838774890457 
0.684512019908533 0.510848541549749 0.672667952998158 0.402223015485517 
0.680989656635444 0.50394802358192 0.683046872122221 0.400620111790059 
0.678537572925591 0.456639002173037 0.611122044952245 0.369300917713095 
0.700226971092202 0.483241841772182 0.627244919308039 0.374675336086845 
0.690146258172048 0.487621650005386 0.638804737679441 0.394950138075844 
0.69978373425126 0.487779136533294 0.634884956078531 0.389310020355951 
0.702281136603237 0.489615418633231 0.583215665738493 0.424876804481722 
0.683589984283492 0.476696147766993 0.542831671956558 0.468609398115088 
0.652984199417117 0.485298135573528 0.558942919628196 0.474377301907773 
0.672266909409937 0.476230592084873 0.530197579087508 0.505830659571093 
0.700772026020032 0.508825776892452 0.531748324816419 0.500423004366724 
0.709362642549291 0.498051775838099 0.560717094508188 0.528879013770608 
0.693058643827807 0.509854776105397 0.633669587579308 0.560334335664529 
0.671548529201298 0.512147980738909 0.64962754804958 0.587018943076444 
0.66514326754243 0.489671015662355 0.674376421993831 0.558004836283029 
0.647305564112345 0.484037609186595 0.660309977659317 0.537979267666665 
0.628329911416151 0.477922012311543 0.676566789121775 0.529827577003381 
0.68770029017328 0.439333422798895 0.681904121423519 0.549536163857378 
0.714180213949931 0.419132254740652 0.643827149821046 0.584352999813391 
0.711310499708469 0.399710630961342 0.604269870572192 0.595677130050168 
0.745723394843839 0.43142963556181 0.594045411977797 0.616767369106857 
0.75 0.44116750697287 0.592516329265434 0.593587133049427 
0.75 0.430974901394225 0.60618938402527 0.578473675426127 
0.75 0.451585831547651 0.634764067878519 0.555737278505081 
0.75 0.422464579239946 0.627036143928454 0.579921906279957 
0.715351384149682 0.443113643261535 0.630414773449758 0.595638186262133 
0.748773489881087 0.4619745870089 0.619389032260169 0.564098005408726 
0.75 0.497030526995213 0.604912922232262 0.565475703833529 
0.75 0.524120222203156 0.620008254323283 0.578339512265498 
0.744733160234905 0.523269663499056 0.615204943667834 0.560732502447571 
0.744623688057155 0.546686812373094 0.614549963840229 0.536035140832296 
0.747294667102552 0.551066751048374 0.597945637357798 0.555328774622734 
0.707714420037113 0.50921497928404 0.560697798779306 0.573267988559299 
0.700474390215799 0.506629509078391 0.520918629130142 0.607905913594396 
0.673080080366073 0.485177387813835 0.564283188432286 0.614772139513931 
0.678331133747342 0.490014173558895 0.618520830993119 0.601908320560014 
0.651346856122834 0.490386755796266 0.598399100080484 0.555529067422469 
0.670014017976326 0.477757448426469 0.596756115936482 0.534941023281163 
0.693832401692251 0.452673447572579 0.611664727516297 0.554812025283221 
0.732708255077853 0.483926083410982 0.542616058954626 0.555857006016769 
0.745664650377551 0.524182421038421 0.555402978574492 0.562997017659939 
0.75 0.517979504031115 0.555862022271488 0.616922876861884 
0.75 0.585974664079015 0.594199153338045 0.611320142160047 
0.729955909798281 0.592919084639659 0.609887224819402 0.628213242495707 
0.75 0.58115365079141 0.664766688721627 0.58485554015798 
0.718108293034319 0.606684757937785 0.643019936830416 0.540311785136955 
