0.3 0.7 0.7 0.3 
0.29565197518497 0.689855453085151 0.703190563761803 0.310495124195927 
0.319332073468786 0.686613987192388 0.705049210039863 0.30719484692714 
0.288671233429289 0.671159114306395 0.700085011876525 0.334078193958352 
0.301031931226587 0.68620814153511 0.711628427108736 0.3279875623944 
0.313413065394608 0.683741914247255 0.74907692287176 0.269759908552086 
0.275648396202909 0.707469405197987 0.744302197625599 0.306796382623556 
0.261797319330698 0.715155186249312 0.734025017141489 0.300000050347749 
0.270438297277363 0.693802099353093 0.731867611955511 0.29244290090535 
0.25 0.704265015043612 0.733074283667376 0.296646271676272 
0.276917837536183 0.711976879111037 0.75 0.319235878363429 
0.28567117579544 0.685908519015248 0.75 0.318345390042215 
0.297702871514075 0.677343941679006 0.75 0.381734240273065 
0.305675617623514 0.679802000781985 0.75 0.357053017231529 
0.340197177192228 0.666627833578993 0.706586962877018 0.347011573510764 
0.329367276079034 0.702216320816442 0.703173036531793 0.351361060623357 
0.32518416737078 0.708662333921431 0.701931642524409 0.355371829949105 
0.338372600794673 0.705998884914491 0.663017100138058 0.383199215238333 
0.356427113463308 0.749100811561268 0.655456597170837 0.410191746170551 
0.311356611775821 0.75 0.680057089471154 0.404002415741619 
0.269159125432561 0.725388997575193 0.702270152167613 0.443582145194822 
0.304638101548294 0.730885499815107 0.731556953568484 0.414779975842118 
0.340658049055886 0.717107159982025 0.748625722157804 0.428663250884534 
0.357447733556558 0.73106891878958 0.730465288395191 0.420481763692423 
0.378877808452481 0.73935034694378 0.75 0.381885374902065 
