0.3 0.7 0.7 0.3 
0.349253301683092 0.694444662202457 0.712651081377289 0.283992276078145 
0.361530791199752 0.696479173457861 0.707867489200839 0.285359317614592 
0.367813278525129 0.705520254069568 0.746871757577359 0.294762776294162 
0.371167689024072 0.75 0.75 0.317836386240689 
0.373093081526855 0.75 0.75 0.309857301513054 
0.370720150055769 0.75 0.75 0.312592315943092 
0.387004430801206 0.75 0.75 0.307994139251918 
0.392916185406466 0.729191324145921 0.75 0.294957678059423 
0.398034041513408 0.739360528154758 0.718865390155122 0.276540055989475 
0.412491189782498 0.75 0.720546929202085 0.25 
0.383947841756892 0.735761561457171 0.75 0.286800912299322 
0.378595935886632 0.716300063560413 0.75 0.266116892279003 
0.381576326297181 0.695976838368205 0.744531433034337 0.253580473682352 
0.379267115551403 0.659625833426937 0.728429166914535 0.25 
0.361082792571249 0.635889066106958 0.75 0.25 
0.413820310652854 0.601855292353383 0.75 0.25 
0.420360267091523 0.620456373327204 0.75 0.25 
0.450162949386918 0.649343067437521 0.715487462610237 0.25 
0.418407558781414 0.639091340764173 0.675059471429685 0.262289095108419 
0.347581630956732 0.621978551919744 0.707088702749096 0.259600067534571 
0.387647019600148 0.62571183577878 0.725766464026334 0.259555839107046 
0.375837180271684 0.602837072429447 0.680823670497589 0.262860863734346 
0.376624571420073 0.583170335784447 0.707986774792976 0.318994567147688 
0.391258554085636 0.617923196647971 0.701501973081416 0.277148072128788 
0.3 0.7 0.7 0.3 
0.297622018112083 0.707926644930837 0.703857287903067 0.312773345741765 
0.277877206714799 0.703087513018341 0.694555113579777 0.325545349731572 
0.305777129789265 0.695976784165863 0.666064363757891 0.351448598639832 
0.277700626969283 0.735971465017912 0.678956583810613 0.37711392692501 
0.282413178931223 0.735075736341966 0.65586687848649 0.373418311915598 
0.295759705511252 0.736194861559196 0.633865718911345 0.359588727898352 
0.318554921918979 0.75 0.633420177549682 0.377130487268927 
0.330528607533217 0.702211323893764 0.629975253568816 0.354039630929851 
0.360683186708422 0.667603724105439 0.637055786067108 0.371836247780924 
0.348683527776444 0.659469751120789 0.617214305913209 0.405787075525821 
0.314230729341477 0.635900374327451 0.658762306834174 0.402950331983383 
0.26568990431351 0.611563530384636 0.680236755964771 0.43264474301202 
0.267640345057997 0.649684279971984 0.6722157228462 0.469112647320695 
0.256826164202157 0.627500777640452 0.670492466673665 0.504337175803463 
0.302982209718815 0.599048253144528 0.683126022893955 0.544542925906501 
0.350523947509315 0.591123296652917 0.696452433212245 0.527795306551857 
0.329559196962509 0.647786432528777 0.682890624248473 0.522502059495117 
0.372729280111692 0.619317498612199 0.707104829332515 0.548295265942372 
0.331721253353737 0.563878073705751 0.704743354087355 0.548843110553954 
0.34167415917272 0.567216552382454 0.668888454025546 0.576127144931866 
0.316022361884913 0.589663828932788 0.692975153583312 0.613556882745365 
0.275611493955089 0.612664485917836 0.66047533793648 0.61801600714679 
0.344681158102757 0.619190227746062 0.647133428501758 0.649987087964759 
0.340001925671826 0.6157720817433 0.658290786089289 0.646359487141824 
0.345744211369253 0.648783360937998 0.677309518246431 0.644442066737654 
0.360541274136761 0.628285293388445 0.685477474805837 0.641783554345009 
0.362968835450685 0.624986868640204 0.666887163786974 0.599295468893343 
0.328590350019344 0.643731725956747 0.662225791380444 0.613447543222354 
0.264625029993857 0.653424131728035 0.649379301165755 0.612323180790389 
0.257046037115668 0.617300994751084 0.672423345100053 0.603340647109353 
0.25 0.618258580322661 0.649126292243226 0.625418921635013 
0.25214894074144 0.647657293918799 0.624375501576008 0.664472601258101 
0.286937652475635 0.610767646380432 0.644437040874468 0.694657055211708 
0.26256168458117 0.599385715810317 0.638036762289926 0.688645422993215 
0.274531853025871 0.604039333097742 0.65902948158956 0.691658107072812 
0.316362487307298 0.607519410490094 0.66601886905812 0.725342095236404 
0.284127427526522 0.627530109051006 0.675539284705284 0.74788678796708 
0.290243427778661 0.614976492376716 0.661440023959911 0.735504237822998 
0.304766217911183 0.638311368849687 0.719038253108398 0.682209924681655 
0.326071879007944 0.640115738459506 0.693094295485826 0.675803335565887 
0.299446319575232 0.616948102273513 0.695293457661303 0.695788959152012 
0.322061421812315 0.590288449984442 0.698854170174165 0.731148416515971 
0.35104581499597 0.596874043781356 0.720046565630879 0.75 
0.351151410785454 0.569735734295513 0.702435302933916 0.75 
0.376203199453349 0.556513430199193 0.705341542697623 0.75 
0.377459629070032 0.562806509691141 0.719419920806169 0.741764265956367 
0.401803666233288 0.572896875712816 0.75 0.75 
0.397857187370403 0.595045204637196 0.75 0.742143268252419 
0.400712501485673 0.527122363720879 0.75 0.713794268756396 
0.391022039343042 0.558747850455734 0.748343284906548 0.684889497139774 
0.389360466556684 0.532877282553718 0.742463654764696 0.707687179541054 
0.377046222812565 0.533708421912612 0.75 0.656030797070568 
0.344720903939338 0.521573923662147 0.748995532070054 0.685223659674363 
0.375915037167322 0.510164643701475 0.75 0.666925865678593 
0.36125275002034 0.506991091778312 0.725928435435725 0.654173609754765 
0.355822908391454 0.476129423063037 0.747506403415228 0.637370435524405 
0.374297680394884 0.478350929625716 0.731146414045148 0.642357042562605 
0.395258673642462 0.450315464281832 0.75 0.616654528807155 
0.40685326295855 0.47269664206157 0.742177478684462 0.627017366210606 
0.43580935119845 0.477439976436509 0.75 0.64221690606182 
0.443665030485111 0.455480611036005 0.749092191251852 0.624222208839647 
0.453222037472306 0.440179197972252 0.75 0.636730514919524 
0.48655786497605 0.490465589872967 0.749221966196361 0.599602143606177 
0.504034255683394 0.45623594121552 0.75 0.588549162291115 
0.481411910475405 0.45139104300382 0.75 0.579774684580884 
0.450661519395227 0.49245360158897 0.75 0.611075359037131 
0.482945860046424 0.500619841354532 0.716997830902552 0.582577870674391 
0.510524942931277 0.455411333203059 0.75 0.592310788751876 
0.523341800155441 0.499313609162075 0.75 0.572466928007127 
0.525847749148307 0.5067438211708 0.75 0.561833599067471 
0.537591961398273 0.511279245049603 0.708315549445691 0.577636904334329 
0.50985054279836 0.512276989083088 0.714386809498189 0.625981266822711 
0.5026558830358 0.48622801039673 0.726109851026307 0.654926964221782 
0.491897733766839 0.486111488335176 0.741380822962617 0.672145279792805 
0.513773859310476 0.474856358327991 0.716885597385483 0.694233544403819 
0.543613848098706 0.47224051019197 0.716390695185094 0.665106559825185 
0.496269982331822 0.463356619200241 0.736869586027349 0.609890782902644 
0.490471410259432 0.436273396289231 0.670657303821329 0.681172443265784 
0.503676601948591 0.442210774620411 0.697800151139038 0.663200687075772 
0.475196874597129 0.409959825948974 0.652315438627526 0.637168144275772 
0.479192610222039 0.383396136495478 0.658784807291849 0.593524753494092 
0.435600348539985 0.364461619065919 0.634657266696281 0.567753440599613 
0.45775185878179 0.384331565545204 0.633317575110715 0.570931078895938 
0.444917931972222 0.416177220813232 0.591915175780948 0.53345179640549 
0.418158286016277 0.435690942428083 0.599394548581656 0.506093338662896 
0.443504021968799 0.454766625520162 0.56017312975477 0.501164582155731 
0.495572544742736 0.419575084647282 0.539686159191204 0.53660133329476 
0.500364435237131 0.39448829411891 0.521159048200062 0.587324857239678 
0.557183480621014 0.416962460654397 0.557973553755061 0.595042265583353 
0.55913480318414 0.423038756331197 0.548314717264304 0.60756404631956 
0.534063701832746 0.427152348876847 0.551361640427529 0.619894333508864 
0.488634529025465 0.419136667809533 0.55022543142203 0.620164083925656 
0.53237502588055 0.399407793508993 0.555451577849836 0.598294312447945 
0.521390821296606 0.410777809747529 0.540396050335008 0.565819152787162 
0.541490401100084 0.394027062574473 0.517892529833986 0.561400186228435 
0.583649598393447 0.408420059580683 0.538103682263566 0.586757234071148 
0.54123671107394 0.453367406888061 0.555860557611209 0.610889814622574 
0.542592414641138 0.407061080945295 0.539276448726755 0.633800100613831 
0.556074736445925 0.383509158755158 0.517722438430889 0.623832290228127 
0.570309150846411 0.354837701405254 0.498058511924123 0.614460146103148 
0.616385345139354 0.344875124772709 0.506684884961991 0.595458695209744 
0.595605084777676 0.35562947295937 0.495229550476544 0.603882921675376 
0.609260634036155 0.384620505131585 0.510185942108461 0.626898408642554 
0.624331585018946 0.389056155707708 0.482272022899453 0.629855789706107 
0.597629621200941 0.418983247726616 0.498461455827252 0.597538501187937 
0.566791859663435 0.392703148702305 0.51316806428181 0.696631613641731 
0.506058773947723 0.325678042128013 0.471833993815504 0.747082647318309 
0.486824741748961 0.352176974572776 0.508358362692375 0.722927432967491 
0.47678560993431 0.355162362572343 0.540248096138724 0.75 
0.458093351194354 0.393767276158289 0.523180131443874 0.75 
0.445242642300722 0.367659821013163 0.535288307270878 0.75 
0.460870217489158 0.415454315424511 0.545321537568067 0.75 
0.480142699862279 0.41765235028962 0.512841864916535 0.75 
0.485745461019721 0.412045065750974 0.543567845870894 0.74496215891652 
0.451142384616214 0.397929150592044 0.573541896681459 0.689900156893518 
0.430354915921499 0.379715183164784 0.54673936626707 0.702279969563016 
0.425516669401195 0.382435152411282 0.55475793667254 0.704770853856004 
0.40970043252813 0.42923062575615 0.550579446858804 0.686906973490687 
0.400407987935951 0.416452993100889 0.58633736610794 0.738178004502854 
0.432869187969002 0.41037934302873 0.569800330535122 0.75 
0.417873892671451 0.414115786236927 0.577342719837813 0.705017012714931 
0.465623221924181 0.419224385033621 0.585776212597318 0.716467755338365 
0.495777799449782 0.375234425975361 0.573495761757389 0.692809025296839 
0.502647394756496 0.392326513024702 0.597644779841359 0.67743835826014 
0.496581981408829 0.412055475245692 0.602556787600248 0.688825347043023 
0.519170429768112 0.364145470936099 0.611586811687159 0.686301414210627 
0.50127423783094 0.369451874689954 0.575540117285928 0.687290765176636 
0.50741589828822 0.428179902680482 0.561291120184793 0.706180556064404 
0.490223015635992 0.411500751396027 0.554858044701242 0.745470278825317 
0.471808040861787 0.443117735580129 0.592023699997107 0.712523486378593 
0.462847740269667 0.443548395659155 0.582311801347665 0.661013875443515 
0.406244119879168 0.436742376921472 0.616811201848076 0.670412529466488 
0.387496900670052 0.387990094950589 0.610203492531942 0.652693315566173 
0.373284610186737 0.361112987885791 0.608405771330042 0.65583226147978 
0.400896579330231 0.37263235520397 0.612399549764981 0.667248778609372 
0.379611778042017 0.35186098913147 0.577340335440035 0.661835687297389 
0.393699193618587 0.323334754501165 0.553113106172991 0.674115507344409 
0.418869951854269 0.297976434172293 0.530982448703268 0.630867119058921 
0.400620310173297 0.25 0.478022031499 0.65551997119608 
0.363591583733454 0.25 0.492185638785346 0.621659102032803 
0.400351295929663 0.25 0.52560916941245 0.611330922690686 
0.370464123459214 0.25 0.497339145070158 0.628369925228061 
0.355813198279025 0.266918452838579 0.467575919178976 0.657035920463414 
0.358261325067184 0.281555630722513 0.505348581028833 0.652891250228277 
0.350048111371639 0.295891919884747 0.49943811839021 0.647921704498109 
0.35964744492197 0.320158363196422 0.515016776673869 0.640440110099127 
0.376517175214597 0.31186071125198 0.52198772591709 0.649020671373683 
0.397474215626027 0.295815233608248 0.523099401422988 0.623344884160471 
0.409403363895275 0.366134309574061 0.517227599513844 0.643572461829822 
0.403123752419456 0.383262649632224 0.518386298171586 0.639858473354774 
0.397319933937687 0.380765036678673 0.528687488153302 0.599481001074018 
0.476694562219976 0.416917466623988 0.588977444336932 0.558955843133006 
0.515367564401392 0.385678555668828 0.556792866990328 0.570176314190587 
0.520006281922194 0.395626946424564 0.56798533972211 0.540146320499725 
0.521720658831812 0.410820824324609 0.595155587738367 0.535706401380576 
0.51533935974423 0.393967614800782 0.607207747095097 0.531802709072408 
0.502994972054403 0.406864207506519 0.574117349911433 0.52742956488973 
0.467235394410163 0.400492022671162 0.55973479791048 0.552306173319438 
0.449093077989647 0.411503818436848 0.529340512398882 0.548133263457944 
0.446112245091931 0.392188699963132 0.518845553454483 0.531901309033915 
0.465055952915824 0.410903928254022 0.53208681206924 0.450513383747025 
0.496969865476822 0.404937627658113 0.534979363536556 0.439693794072622 
0.494781867238262 0.417438194033743 0.54446765290191 0.467177632824405 
0.510143600746753 0.411536588384658 0.524393608328162 0.449107990382558 
0.540446264812555 0.378026927704465 0.522778756934701 0.47051510488688 
0.546889101050727 0.373280861228002 0.556409458311533 0.449028238739624 
0.561155982880718 0.417058597454398 0.561383643261185 0.448357923663069 
0.591389825735458 0.449103757827226 0.556871679312949 0.398580854890776 
0.593819888509476 0.427446964091834 0.542013000685954 0.395444606777042 
0.577467545338027 0.438866470862328 0.559205502122144 0.409986069779725 
0.606550713442564 0.425708718832778 0.551626368071324 0.397599029147258 
0.628151473486702 0.396799632270317 0.579658584800823 0.421805822474227 
0.589991786856794 0.386795355002156 0.579377680332775 0.425043238149187 
0.587558413698838 0.429108950897423 0.656433888683392 0.424033432485176 
0.593180731705548 0.387790594696272 0.686002993894575 0.396411990222331 
0.609750062484104 0.401756935753536 0.649377348561373 0.366285393163394 
0.602834421158136 0.346085646074151 0.651146546286051 0.397093090825684 
0.630138121846175 0.345638417830249 0.624404694150066 0.45708515337048 
0.633600350268405 0.342985466045668 0.665374632468623 0.459502917742732 
0.649830933211632 0.349337331469933 0.645070242579841 0.444765176759077 
0.665808271787517 0.360266982179469 0.603962553545985 0.431824014108542 
0.655569580354566 0.348534132661702 0.57705184938757 0.43026544242935 
0.705486819176219 0.317843970799441 0.566518404123833 0.412707341354731 
0.66551841152287 0.348351612669056 0.564527199457696 0.410855312969013 
0.671478658090412 0.362923061275882 0.567150487841741 0.387292127398508 
0.690426042063479 0.387505219081125 0.574069299547065 0.395383696618643 
0.686922325017902 0.423048504376644 0.574963352403333 0.33362092187168 
0.709133644380812 0.428650211760607 0.539723079497822 0.313633185512816 
0.713924354089725 0.430936316021858 0.524675699614505 0.305201389446667 
0.72149883530105 0.428296172755391 0.494756667497985 0.348468756886122 
0.726909629062968 0.440330739915803 0.463201796421838 0.385495917201111 
0.73019230916341 0.439723227853116 0.458767237736408 0.384705644351749 
0.687181483772168 0.440093438367867 0.486125460652446 0.378680108831511 
0.719256929543785 0.453827119924463 0.460966882904629 0.386262563979264 
0.739587940063018 0.428566861272838 0.488544663038183 0.418135561469356 
0.75 0.460796424679602 0.472987360662836 0.450626668967667 
0.743480217158362 0.476787912331455 0.493922174538108 0.446655435864145 
0.75 0.438794989022607 0.511277199662721 0.393689574898305 
0.735538845152049 0.428822067884339 0.527015443999175 0.410110434701416 
0.75 0.3983563396727 0.561135273595651 0.391602589663498 
