0.3 0.7 0.7 0.3 
0.326013740157127 0.704099977591048 0.72409987166339 0.278611530550939 
0.32478006209053 0.717523055438356 0.75 0.287169644788589 
0.340070826160766 0.75 0.75 0.303777357288777 
0.301816013654611 0.75 0.731702984339952 0.277306551374755 
0.318589050309522 0.721143632796773 0.718469833274106 0.25 
0.357592302742348 0.732964492574891 0.731593896125326 0.25 
0.343911684861503 0.75 0.694055192380961 0.25 
0.381410469947614 0.743118497211936 0.717496812463983 0.25 
0.41804297250923 0.724229403738534 0.711715505119618 0.264573432918443 
0.383945230297187 0.75 0.709551311898658 0.25990843934693 
0.366803943945231 0.75 0.715384711303543 0.295784095114084 
0.375023922545726 0.747826453631437 0.682263047628704 0.2875932568851 
0.376582275222504 0.71440584188049 0.691335095355092 0.301406829442163 
0.393769639086767 0.746831929033069 0.707040124186885 0.333610321532242 
0.413455303923904 0.699879733569963 0.675973761366802 0.288703802610967 
0.397135284629084 0.698196555196856 0.676483474050133 0.288932928984367 
0.391329370175101 0.724557045557652 0.608510011463738 0.28261803797525 
0.363035070014691 0.721434654890055 0.611717315339071 0.250929320899168 
0.355920877497603 0.732254401777161 0.632432839355974 0.26703117271663 
0.342126988566919 0.75 0.622860766983962 0.271460899602606 
0.324848128393318 0.75 0.603173698233392 0.29450618465868 
0.292933414202819 0.75 0.597007849999107 0.299550537880707 
0.308675199487461 0.703046031450856 0.584265000153655 0.335528414532388 
0.355589875825898 0.701777156565377 0.549639507413068 0.308426458476014 
