0.3 0.7 0.7 0.3 
0.350610071610096 0.691617403650188 0.728634430696557 0.296825801301606 
0.354582194489459 0.694919236569661 0.75 0.307306073024303 
0.366015576135302 0.721716681122636 0.705958729109108 0.361104024806488 
0.397806163874204 0.704530839396805 0.729236451337563 0.302485270554284 
0.388859652143175 0.733574268109956 0.75 0.297425653526343 
0.401410739499219 0.737029459288484 0.75 0.296993927404022 
0.358031883567516 0.75 0.75 0.256857717002442 
0.359325664030978 0.749118188047605 0.75 0.25 
0.339600569083658 0.75 0.725208448663941 0.253002159539442 
0.355428154968986 0.749748180087549 0.705646428252675 0.259167491674881 
0.366710194995768 0.743118807441087 0.705108797616076 0.270082916911357 
0.365216779807743 0.743460847345012 0.71776074874857 0.25 
0.390986773264173 0.75 0.685720460686938 0.295602026046918 
0.405845204097252 0.75 0.677281122069281 0.29914137202348 
0.414941761053847 0.75 0.656801174770892 0.259838379495641 
0.406234411460024 0.678411429827701 0.664278633535602 0.25 
0.381776534040174 0.701272081443031 0.680940915424364 0.268468032990486 
0.403591536647174 0.743476368815443 0.692465218291332 0.276648855244175 
0.429546343089224 0.71897950325708 0.692881423178294 0.25 
0.430891859537843 0.683935654239273 0.664526225783134 0.298242551223075 
0.421306758915329 0.679558228256167 0.661068018363617 0.288151311678191 
0.385196238126192 0.699793741521068 0.647115232352084 0.268914748301664 
0.362616695609377 0.730441253057338 0.686791350974313 0.25 
0.364691786266998 0.73329345232306 0.66667177955626 0.25 
