0.3 0.7 0.7 0.3 
0.338311212959073 0.706893581710516 0.687125482282365 0.265351839335071 
0.327930043668265 0.677988672304906 0.687145491468797 0.303626051514215 
0.346472530066916 0.685746728140693 0.737901334537299 0.318433039485182 
0.32122656315967 0.690054953838195 0.726129908541881 0.315993620493529 
0.348692772264553 0.681651917184283 0.727869409639116 0.304045985109908 
0.371392983084293 0.708330705877625 0.689703477603599 0.324287831462613 
0.363960837205392 0.743042971746084 0.707554224376797 0.321931563786451 
0.384910180268563 0.727118717477437 0.682478385611652 0.340541796448744 
0.380056305448662 0.75 0.672908664707048 0.291563977525845 
0.383463210452686 0.75 0.668553842125669 0.27772418011393 
0.431794101756153 0.720990172200578 0.681783674856964 0.25 
0.419235401306132 0.738754324354194 0.680019212767516 0.25 
0.476912815672629 0.703356435499286 0.671372309112563 0.281866903674312 
0.455575816378757 0.709516237322145 0.65484657002688 0.274974012301006 
0.448182940703126 0.700041823917858 0.640399754533481 0.25646172716221 
0.475007211359017 0.690930210707246 0.66803296143612 0.276524900620774 
0.498576783836952 0.654807347859525 0.693433243429398 0.261162916680474 
0.465026268571221 0.608480702095028 0.673504763784299 0.286717510139921 
0.449140331092794 0.602232298479881 0.674690966507667 0.292805245530759 
0.432350198680971 0.623421885311568 0.716748557368827 0.282826844431357 
0.414336675423972 0.610442243868628 0.704848380097738 0.268141754361893 
0.39110226501216 0.586767703516026 0.738202621606375 0.305922671995732 
0.425542190458204 0.544874872641145 0.749241440978867 0.296081169122948 
0.37343214624222 0.546411894404936 0.71865172612673 0.293608311407268 
