0.3 0.7 0.7 0.3 
0.271915647598601 0.688910044107717 0.733451606671782 0.334492913368807 
0.308944887864922 0.66926968871524 0.651492641836724 0.334592006478197 
0.308425497792659 0.669952784723536 0.661489564299548 0.321044765378114 
0.297923886262717 0.680794862585034 0.641528940044966 0.291017901279682 
0.270792828507443 0.682343143528268 0.603549908855639 0.339385572676814 
0.254292125445891 0.673480464418649 0.599517274909758 0.387297687308843 
0.294692763146837 0.664380198854195 0.57459679717442 0.429630079520257 
0.25 0.645519392507407 0.590986338495588 0.412195127558265 
0.25 0.658594789182326 0.58903635034066 0.412404382593606 
0.274392983863488 0.674763309005865 0.571572771080232 0.421322638830662 
0.262057401928473 0.670021533003274 0.582165848028083 0.395976928611899 
0.25 0.667172473768134 0.547174508988417 0.362386154206175 
0.25 0.676678911811638 0.585252707638979 0.325484849948138 
0.259879711934596 0.703178160567396 0.571589342974001 0.319899342320539 
0.28766782881511 0.696983790796254 0.59265521654645 0.308441346417534 
0.27386903218789 0.715054155538449 0.556259865057786 0.306861827985714 
0.279770818858364 0.69857525796641 0.559793059888138 0.334561646764615 
0.294350708777293 0.692956039903123 0.554964841316882 0.350862432969106 
0.297949834230375 0.714097022028593 0.56589936086632 0.357537980298074 
0.334526724961872 0.71402212836352 0.5307044601538 0.414187677162029 
0.360130600195631 0.684015625638571 0.559465491546894 0.437818818914425 
0.34837934481937 0.675307193271822 0.567803763744796 0.410973581352587 
0.298571553302695 0.658743393627849 0.568688926737713 0.362757542526803 
0.317463676493461 0.646185559427729 0.580140879542314 0.374893175290363 
