0.3 0.7 0.7 0.3 
0.315505258941128 0.683034226955687 0.716750895146002 0.322742243499941 
0.343256909722578 0.668744370326832 0.748038012358226 0.33784951272218 
0.335428244496986 0.701216260810067 0.75 0.365142786696305 
0.316149335419754 0.700607412219129 0.75 0.391525646537139 
0.354604302720906 0.718855220255439 0.75 0.390317643776497 
0.389387852764659 0.685302100063889 0.75 0.381875444529304 
0.408605525096131 0.735208543017309 0.714559931752078 0.386603547229204 
0.398731175195956 0.709259897547817 0.740821283247918 0.395745654588667 
0.378918840606215 0.75 0.737858692382471 0.376638995173914 
0.363720231106318 0.75 0.716962246294668 0.377383265468416 
0.362243667001348 0.702045164267649 0.75 0.354192398361543 
0.321442836538084 0.724479012814574 0.75 0.331529242836726 
0.350742269518643 0.743265166703544 0.75 0.324979648459179 
0.378219581348545 0.700733135041232 0.75 0.305442265107254 
0.397975988986991 0.674083526105436 0.75 0.342343539020581 
0.393797150990449 0.663332901835917 0.75 0.31632154972958 
0.369506817728544 0.678215736993019 0.744670835034293 0.322728488745499 
0.36273742327201 0.64367344841817 0.742458705689606 0.344412854054488 
0.364770676307477 0.629658865804003 0.743522016657306 0.358870566283257 
0.384362941492886 0.611044324980076 0.75 0.327844878574013 
0.375850356822517 0.625759373801582 0.75 0.321075984429219 
0.398370142781451 0.637739541480844 0.742925100809091 0.36413748294657 
0.400335097560372 0.647371849222126 0.743800749769039 0.359780034814473 
0.385459829996091 0.62860573565528 0.736817819450947 0.363894002205479 
