0.3 0.7 0.7 0.3 
0.280481076690547 0.671124663055158 0.678010016082028 0.309746021230749 
0.309373086003756 0.630791409734659 0.701415101387071 0.277172113589272 
0.349985147336352 0.609312051914783 0.697574173836342 0.258872199490824 
0.373350967066702 0.634106771304079 0.75 0.256550908383537 
0.355375013976481 0.627059275763018 0.75 0.275280463006972 
0.33964657963735 0.6349417809429 0.75 0.257783657367569 
0.375015852045906 0.642850529186758 0.75 0.28360701113072 
0.342772051799401 0.634652192209232 0.75 0.277102781920989 
0.322988251598508 0.619160952620143 0.733681753572326 0.305033707651157 
0.358316264073005 0.656921116283851 0.72849075883357 0.314592752247705 
0.348683874408522 0.680065046497945 0.719985764625277 0.316096275805933 
0.369227616187744 0.713917102209838 0.731028790711113 0.31391732322633 
0.351341509608422 0.669982889021974 0.728211731199014 0.319134794357904 
0.335029359368208 0.677049560373653 0.702846943759086 0.276480129373993 
0.383768102817977 0.669357887915704 0.733874176590663 0.304268406052841 
0.351446432398137 0.65047056940554 0.723880949224917 0.28773210513885 
0.363182970506742 0.675471444806724 0.75 0.30112747805096 
0.373228147699455 0.676092133600443 0.75 0.31170163622427 
0.380937726316785 0.682446255931831 0.730071065410026 0.270218452952506 
0.382673575184668 0.657843260566002 0.748991073984014 0.285219479268893 
0.411621410412469 0.635280600774089 0.700612564746805 0.264479285458614 
0.364285679865438 0.633140871848191 0.698888372693413 0.272933016206647 
0.37880032647394 0.608428476227756 0.70394705384603 0.280721192709668 
0.399248857586993 0.616409328331981 0.749497672609328 0.332452799802928 
