0.3 0.7 0.7 0.3 
0.326038144862891 0.686018727492825 0.709362059503519 0.306941031548881 
0.31577827266419 0.699122182731492 0.710147751134378 0.299238140440275 
0.30469843299411 0.69076037920465 0.690381215352077 0.309838764730378 
0.260433580597435 0.653209012921749 0.703458361036827 0.323750315283914 
0.25 0.623795087738074 0.666900721141067 0.347642065889096 
0.25545168055447 0.59732143634632 0.674098871075216 0.272723561226583 
0.281327519612456 0.607735843965272 0.664990075125765 0.263488047765035 
0.315967245345096 0.562645666413913 0.658629465995325 0.267875497046126 
0.294517812787879 0.568906136837007 0.640200043943773 0.290335758183404 
0.307727548978585 0.519031730235205 0.627012289741697 0.326925546503173 
0.305067230181858 0.540098248430498 0.634488410750481 0.325481886969378 
0.272239286668101 0.58590044815267 0.623003842401319 0.304422107459047 
0.25 0.653920089731247 0.630881057760688 0.259371580805522 
0.266103896396122 0.680064080077911 0.659056969877013 0.25 
0.305086953713079 0.697128516393288 0.60317768567767 0.25 
0.307290900764142 0.72105362134767 0.574087122533413 0.262138505757847 
0.31637635812786 0.749283868989844 0.59052479209864 0.25 
0.284688932821097 0.75 0.589683946163189 0.287466902086451 
0.25 0.75 0.558747156670362 0.309341116331471 
0.274115971535943 0.742430658285796 0.559062181401724 0.306610055848655 
0.291426636546114 0.726238189337461 0.592552704285166 0.325945559547058 
0.301615147141396 0.707194503794248 0.59454661831732 0.324257541429678 
0.333646152564063 0.69428022885968 0.602309623196188 0.32584273414493 
0.279719170473035 0.665445506302292 0.628111088854248 0.371693567716101 
0.3 0.7 0.7 0.3 
0.290179115440343 0.704502378174577 0.71193467837696 0.321778766215072 
0.25 0.683587892019533 0.69419351344259 0.281231504765596 
0.254932927121385 0.665818909807731 0.739279892776674 0.299232038880149 
0.27647049748742 0.641153119340292 0.75 0.299836043115851 
0.262827888654282 0.647445655915288 0.749876683544872 0.281147250104079 
0.262906318656403 0.644960119731539 0.75 0.297880756808888 
0.259334428404948 0.613037324376865 0.725043791210141 0.25 
0.26055687757637 0.61565260168281 0.74414944636408 0.275864297722671 
0.261407475883951 0.62065835314278 0.740858326315232 0.315936326776346 
0.284600721731892 0.640890798700899 0.75 0.334713290708522 
0.25 0.667753516940291 0.75 0.325006844620178 
0.25 0.673839610628283 0.725550610919139 0.326743146929678 
0.25 0.707873503901558 0.715304036700502 0.350028954564977 
0.279354175107267 0.712527639821923 0.699602767833568 0.377387021953541 
0.296270484134469 0.671553708151359 0.725916025620581 0.379360641316141 
0.313901879530567 0.670328389137516 0.731577619228821 0.365033938428018 
0.312604042612811 0.683924877174407 0.740370760507895 0.373585473151499 
0.315142572546394 0.71046355373982 0.717325154492663 0.333113711104651 
0.338472694366617 0.720233901351862 0.75 0.352255281577112 
0.338298288340318 0.75 0.75 0.33341235896255 
0.360337377174622 0.75 0.708426225595673 0.327378371523575 
0.372848046951813 0.716921043775522 0.658897413200058 0.373766366064258 
0.377198631327644 0.704219474382988 0.666271532624984 0.406154058920532 
0.375861975158809 0.728366600196349 0.695890388002056 0.382076542507306 
0.40746373103752 0.75 0.730483903486463 0.374390049364177 
0.403824405123863 0.733965249697663 0.75 0.407034416406719 
0.420251687259415 0.730600053571901 0.707587886232753 0.369538709733093 
0.475024865349783 0.710361162732443 0.705941995313248 0.375326610254433 
0.437109681823729 0.715577453000862 0.744840526404376 0.372928506301114 
0.424332398703191 0.714050555613964 0.75 0.389323237244833 
0.388930726663233 0.690950663286487 0.730943670688278 0.354947386431461 
0.41378674802521 0.723234830802639 0.739214442950186 0.350064164646765 
0.397617007744669 0.698634005155602 0.744587743541829 0.296523505261792 
0.405396419443916 0.687444673398045 0.700909092070753 0.280760015378646 
0.370399285831117 0.685581077541943 0.678107191839613 0.285635393744499 
0.367955934428263 0.71681655434372 0.676662039700542 0.296886209725576 
0.340249183076573 0.714096912462409 0.663195896934448 0.250968342164402 
0.326424818484289 0.704116183846659 0.662286249496018 0.25 
0.32782764843971 0.703674396230754 0.668665129096697 0.273340564979294 
0.354468480386861 0.737594509229188 0.666282572333148 0.30115633328078 
0.322747192115803 0.731161144720695 0.673329703754429 0.323149898929542 
0.338442671666449 0.741320475779036 0.702589602911029 0.350417387310672 
0.374466061162512 0.702136981471278 0.700850983473058 0.328041133612897 
0.362484091214404 0.658454673423653 0.714374192269673 0.270133978303245 
0.407230671169309 0.711487948644098 0.671065593050919 0.25 
0.414118678887244 0.749313783660458 0.672279662857612 0.25 
0.387291427203918 0.75 0.664539012342509 0.25 
0.372393639066186 0.738451692541319 0.659542512111552 0.25 
0.351590507827263 0.733031027402678 0.681215454189391 0.25 
0.40519288862386 0.730946082429148 0.738021904760381 0.25 
0.389792610834062 0.740608128126515 0.699536189178111 0.265033435641767 
0.363135900235743 0.75 0.682729703128944 0.271501082010707 
0.305200877135946 0.75 0.622774244771006 0.257282924912204 
0.294602815940391 0.708979112678793 0.646444218278774 0.269711104094045 
0.297720282638013 0.705268800700416 0.613816017086873 0.25 
0.25 0.730514786430643 0.610096205688508 0.25 
0.250937986735648 0.71506148681137 0.611320072715677 0.266106757573627 
0.25 0.702138894242727 0.659720754024333 0.274083822731897 
0.287094530272427 0.676658413144295 0.679278507234152 0.254531637475037 
0.268015213438423 0.633908993772353 0.702047881844319 0.253352882882424 
0.26461984444845 0.639964743275372 0.709816564352813 0.256582305221046 
0.294216498226527 0.577549188345051 0.702850472700246 0.25 
0.264132800810106 0.560708053427041 0.745694892907118 0.25 
0.25 0.582601485794837 0.737142814956227 0.268446543537761 
0.25 0.605955159752154 0.75 0.250243051833226 
0.25 0.620820878748769 0.75 0.25 
0.25 0.639238470220537 0.725169111779089 0.303590192282542 
0.25 0.635880893486537 0.696194624144334 0.264216115212476 
0.284331279259862 0.644910755673695 0.643496249409112 0.25 
0.302456859255657 0.668665391823631 0.670061670482919 0.25 
0.280787589598716 0.60440265179658 0.668073455970195 0.266057965575752 
0.275148466442755 0.602775511244614 0.64315986484772 0.257871544223287 
0.253521708412515 0.565408354787218 0.662285638319402 0.284103518774262 
0.255923543654374 0.555250809568032 0.682189472386571 0.25 
0.25 0.560985522497229 0.647063619823459 0.266603824671977 
0.283169097216808 0.565544442834573 0.625979153294061 0.254382751814956 
0.266216694453256 0.531989052385185 0.614808142473677 0.265773407719368 
0.25 0.547800161987154 0.622887316780409 0.26615862358694 
0.25 0.564577196505498 0.669453082591439 0.306194462848352 
0.25 0.578584803594105 0.745873263331462 0.277699244964143 
0.259782697222881 0.609660737125831 0.75 0.298614156030806 
0.28845959914752 0.607483892409555 0.75 0.357985226436513 
0.261543853319628 0.597239982737889 0.75 0.342036261312513 
0.321974663999621 0.573674839942207 0.71115976894288 0.375950667206584 
0.304222357223205 0.601622577888319 0.694466937556594 0.41445418482633 
0.280299037879037 0.598091982114653 0.676764114125256 0.437156821216149 
0.294856363845671 0.580157011021966 0.68539056218827 0.42782057764442 
0.319642545610693 0.579745126770763 0.68344663374184 0.408000582455968 
0.33573541297539 0.568871568575621 0.719528600617943 0.381568672109631 
0.327152249622111 0.573518647370481 0.738477848239192 0.397821124198534 
0.318431661596086 0.617757948314522 0.75 0.374725693575032 
0.313575384514192 0.598127404064399 0.747531850807348 0.404306029904628 
0.340203182814098 0.610679684327132 0.75 0.399058369845288 
0.337154322040888 0.604882402990861 0.75 0.43847980921059 
0.339878910542298 0.641887904060042 0.717591678368561 0.471573102876157 
0.386447046796013 0.626699506919001 0.732164941345295 0.479122993405561 
0.400549460845183 0.602632182255753 0.693271619572267 0.456799421947002 
0.406974157513901 0.59559697264371 0.67620584975611 0.431527528524051 
0.415992491060471 0.568838982191095 0.689722060951012 0.405002190867165 
0.430685897020341 0.596231808924632 0.663704841606732 0.398577211222369 
0.417179104021532 0.591198158396391 0.659275384882988 0.388118797275367 
0.396142214201487 0.636321190062427 0.660373477396304 0.391960397121544 
0.386805335706459 0.607743152556882 0.656075970310687 0.378033775403556 
0.435589846429415 0.666654850205521 0.642341002535699 0.389896327549832 
0.459625358791722 0.665621230345615 0.706925907648035 0.370255278972946 
0.482894248423416 0.671340489855921 0.722604043784593 0.362397313597192 
0.521519760388091 0.644787117222909 0.75 0.404251593517106 
0.545042109802477 0.642531938160917 0.739919246470416 0.430375838741779 
0.538273718296347 0.617849754708722 0.72705892259767 0.443204954515763 
0.533418185756441 0.651683383902272 0.708455904858745 0.44268711704549 
0.51778122214091 0.623920793144741 0.660989467874124 0.466926526882518 
0.549217703466292 0.628933552948432 0.637917718476945 0.394338894182833 
0.586157833152823 0.608471391343216 0.610496533311504 0.410495050704075 
0.57761959008654 0.625259919780757 0.620447391648582 0.404005127239269 
0.61559746164958 0.64369367986635 0.639910908532147 0.385268830499389 
0.565983632017953 0.634852658787277 0.663702857972739 0.368860046756285 
0.600854323781526 0.641283540831726 0.638929967350551 0.414161755834053 
0.607451223412283 0.608609600150505 0.608168860689061 0.450012314619343 
0.650369288843706 0.60059724763754 0.621130176482001 0.511937652809741 
0.677843229275116 0.589525755656362 0.654932144338555 0.53669180274732 
0.679116539674086 0.600856710653143 0.654656301608796 0.561339904330552 
0.66869047948841 0.565023130373803 0.614714123561649 0.519956614749537 
0.634921447821067 0.551387879607186 0.618203051198903 0.547317121393839 
0.642008147797593 0.520063717618113 0.613225321659193 0.567734009931926 
0.64209563443131 0.514361501325185 0.614345238951911 0.56750960379697 
0.604943629900887 0.482516610584052 0.612253296518184 0.562109998368988 
0.626588265542707 0.499287759499618 0.602895148007058 0.550652647135159 
0.591827841056874 0.469330785232422 0.587131419359985 0.594329545987447 
0.609951385539677 0.481127755810237 0.538146963260147 0.606111217432755 
0.62933745690547 0.495558055269474 0.51802504819844 0.600088478710011 
0.557582961070619 0.509057490104016 0.559682405719215 0.631870861440273 
0.507575628835205 0.504483613176208 0.54738854213705 0.628332421163431 
0.522393209391668 0.498962767896101 0.551514857543862 0.612556338029464 
0.510436590560321 0.497622358055698 0.540415573539946 0.60645384653239 
0.488499871766507 0.533754900221878 0.540566886594239 0.631708759312596 
0.516858221587804 0.524294164941646 0.540335848200774 0.642406657259868 
0.511191170881655 0.48201516728243 0.568399964490213 0.638243624476989 
0.49531319124409 0.456111158716909 0.562427095821234 0.600099938949226 
0.508878793307525 0.481382151285731 0.609137960921211 0.628809957382294 
0.494262319963967 0.498442969778357 0.617869561345053 0.644020192590204 
0.458735088913158 0.485633949610793 0.603321426384575 0.63709072695441 
0.475605524048423 0.464521126977079 0.55685055725607 0.65821404651417 
0.448269006296899 0.474465323328361 0.56662298578937 0.687105227855944 
0.438304626062573 0.454039885446271 0.576222171367952 0.650503535243716 
0.400229911020565 0.446831104899782 0.583486155061516 0.668256979049497 
0.424632580173281 0.428688273915108 0.575480699669328 0.654890372475385 
0.440271656966995 0.419128111111055 0.582131128649618 0.611154390627214 
0.422226725794166 0.415028519782148 0.585368869566536 0.614312686950797 
0.448781124751533 0.41666480442319 0.618026677341911 0.605543996809807 
0.4421908594161 0.40931511909827 0.594710098804583 0.6737429392874 
0.430860026984683 0.484717357258244 0.585933159304404 0.724138752879931 
0.428444407766833 0.488979826361352 0.592369088522848 0.714770811207027 
0.43220585583358 0.47227986912211 0.57606755029199 0.716957523046668 
0.481812107583174 0.49689429237399 0.586713698399343 0.713797480884663 
0.461976345695059 0.503491673652867 0.546394849907336 0.667008079894428 
0.413194271148284 0.502707337812637 0.606334264093109 0.657703691402008 
0.420902837833952 0.504380925014609 0.584825949630133 0.654496672644461 
0.43177728665149 0.504576091415111 0.594285381786844 0.646233958911749 
0.442759566077403 0.507464838490011 0.599175191838179 0.677375909792209 
0.406910957493773 0.534665779973901 0.559973068360432 0.680926560373561 
0.402098227837434 0.548698258268349 0.547992603038425 0.678658610915736 
0.395708206640494 0.588737181089683 0.573147505391024 0.710369258160269 
0.348228128376861 0.583782616353312 0.58916317727047 0.693419568420382 
0.371623883835705 0.600065079894398 0.615602689194902 0.688870221971831 
0.311694389755727 0.65241030623239 0.62164959200757 0.678229980477395 
0.329747173080881 0.626263741063 0.63390076390731 0.680698781389401 
0.328408372380256 0.623530600633469 0.634470565558055 0.63057997740979 
0.329812614494797 0.615463580322713 0.649559011395995 0.650338194104156 
0.303497387280512 0.610750840385411 0.65835477342274 0.709554211962636 
0.349752723799484 0.62101067410313 0.675007471547089 0.728888919643688 
0.343251505715496 0.678106642591619 0.691790604132649 0.697927312355747 
0.313893217126225 0.689270461771091 0.690551852066057 0.659289072788978 
0.274174409109886 0.672886894898546 0.697017012947139 0.699900154932824 
0.25 0.698254235095354 0.699843951402774 0.690360884230616 
0.25 0.731696608213014 0.692580757680861 0.723309091598636 
0.25 0.733665270346499 0.684712918669027 0.713968056433218 
0.283278431222452 0.678000716702435 0.717710253905449 0.712069320815594 
0.270900570643419 0.644648176388216 0.702638335068188 0.685556807668568 
0.294336441437753 0.700165535477114 0.708211509528822 0.737807161011717 
0.306736058857146 0.732037966144136 0.75 0.75 
0.314311460181842 0.726363049162124 0.746077956148408 0.75 
0.366280241704926 0.748617406722536 0.75 0.75 
0.338940677586044 0.75 0.75 0.75 
0.361704250883668 0.708490818706871 0.75 0.75 
0.363613143857949 0.746427333463039 0.743315464587321 0.718192663763384 
0.371999302243212 0.75 0.739680752570905 0.712311701495335 
0.346439535713996 0.75 0.723988654650937 0.683147310791732 
0.364365922359355 0.75 0.75 0.626241207890139 
0.35118614298071 0.689875124983217 0.75 0.642381056175137 
0.317567269281019 0.670954067778581 0.75 0.658606901518175 
0.266096585422355 0.72168853357871 0.724872091906708 0.647154231037861 
0.254057054411832 0.707763156359022 0.721978043125009 0.620580753009378 
0.25 0.736202545847619 0.703380428779225 0.666910272409335 
0.25 0.742350897902608 0.67792069285416 0.630909771930953 
0.25 0.703204006808416 0.694840655277666 0.654767559047743 
0.272985335094536 0.710465473000399 0.652070319265985 0.62813329844718 
0.25 0.736424409847182 0.676017292836658 0.615948923513871 
0.25 0.75 0.661355878852669 0.639691361931832 
0.25 0.75 0.630687696709 0.680775710230355 
0.25 0.75 0.633083937397775 0.685521430927926 
