0.3 0.7 0.7 0.3 
0.282512174848032 0.699107701750765 0.738815066314939 0.311410772952808 
0.278620322099048 0.655513983321619 0.725762989643737 0.29660304135238 
0.326792039320327 0.65485767648916 0.746187351944858 0.276247206369842 
0.334115106059219 0.643212307974665 0.739692991066706 0.261478278977566 
0.325000827901052 0.623238136970511 0.75 0.257719544439469 
0.308583462451491 0.638113599525669 0.75 0.28839826368985 
0.284672308537909 0.65174208455396 0.67683420939511 0.302559909780584 
0.260153737303804 0.599687884969704 0.690507558351806 0.273270852825984 
0.25 0.582798097656065 0.683931256519577 0.262683674097568 
0.25 0.5606799306994 0.661508542376268 0.257418241743092 
0.25 0.570994947532471 0.624486432562064 0.25 
0.255264258720088 0.557537958577698 0.606477947877323 0.25 
0.300872836370818 0.601301073285545 0.611102415088425 0.25 
0.26370041893848 0.583698280372218 0.63712290592366 0.256895517436522 
0.25 0.612168508938239 0.617663698814227 0.25 
0.25 0.58931871771244 0.647090078477984 0.25 
0.258503198261511 0.580901820981791 0.597620866637758 0.257684232657795 
0.25 0.597410585035639 0.632556764270978 0.25 
0.289501821708241 0.651330517919146 0.641840274444533 0.25 
0.30279141925623 0.630770928304237 0.645594002536857 0.25 
0.298240525353412 0.626592827213993 0.661029858843425 0.287409689224613 
0.293701716812029 0.646038765221156 0.677696476110143 0.29067798768796 
0.306891925529975 0.626005850495939 0.707047050342917 0.293939589070975 
0.316766898425493 0.616002362524276 0.731392896192338 0.298842450759817 
