0.3 0.7 0.7 0.3 
0.297095982929375 0.664531709685988 0.673561396000613 0.333673469317429 
0.267117987386923 0.692254921416733 0.69070003232385 0.312625841285109 
0.264610714281196 0.65444960533692 0.696060732827108 0.330337427485675 
0.25 0.651357032306619 0.681238184757462 0.385452381149151 
0.252358673229437 0.633186800432178 0.653150629154344 0.410893982914113 
0.26886973137525 0.6562456079142 0.630422061411869 0.402839196938724 
0.253671897850881 0.627566492951113 0.643787956866693 0.396115477266055 
0.25 0.609706016208553 0.6530763966091 0.438984635428419 
0.262750409067052 0.621512882120208 0.661769973094245 0.433328829158515 
0.259446705131307 0.603884213198723 0.685291595850023 0.386992558284059 
0.261596329009665 0.628978214210709 0.69519090400654 0.406897614604904 
0.264630226653183 0.636015993292596 0.708839758524354 0.421530946180206 
0.25 0.612730326021339 0.708655954862174 0.392283349679618 
0.28493282676788 0.610521692880269 0.718266998225402 0.416307588382481 
0.325076908417994 0.622725551243914 0.726412100365771 0.38448929856447 
0.290853530412883 0.6260446691265 0.75 0.434663847335929 
0.288870443133233 0.629215940674756 0.75 0.45489814510072 
0.315087064464781 0.651409815412157 0.715068843714504 0.440299078744394 
0.328055369929676 0.626436932101384 0.688621059561261 0.44800093778641 
0.279600007591758 0.655175118985297 0.684815044646691 0.480236775340411 
0.296372067085902 0.67639342035403 0.668471391816172 0.529115321885189 
0.268103800127472 0.654205271966996 0.684703756423077 0.499985720802327 
0.272858938458944 0.679199218730367 0.684855712009059 0.495598218482029 
0.286043466826967 0.725378544317273 0.699532094682636 0.434865637924639 
